10 13
-15.4682100706 trace(F)
-75.9839253569 -1iteration
[-20.55812701  -1.3622374    1.69605497   0.20631771  -0.56205293
  -0.71659418   0.30285305   1.21692387   1.20016848   1.38365761
   1.06230617   1.16447584  -0.50195624] vals
          -1  -4.20966e-17  -6.77971e-10  -3.90691e-10  -1.89324e-16   2.37338e-18  -9.04509e-17  -2.40716e-10   4.10447e-10  -1.66626e-17   5.53394e-17  -6.63133e-19   7.95467e-25  
 2.51954e-17            -1    1.0016e-08   1.82601e-08   1.44577e-14  -2.22603e-16  -1.15305e-16  -6.41113e-09  -1.10121e-08   1.29394e-16   4.57541e-16   5.37575e-17    2.0214e-17  
-2.37337e-18   5.56757e-16   4.97819e-16  -7.32113e-16  -2.60724e-15            -1  -5.27957e-08  -1.20019e-16   4.51689e-17  -1.42895e-08  -2.38002e-08   2.31466e-16   8.66263e-16  
 3.14522e-17  -8.15139e-15   1.94586e-08   2.56927e-07            -1   1.53615e-15   4.51842e-18  -3.84288e-08   -1.3047e-07  -3.25237e-17    2.0939e-16  -5.66405e-17   2.32407e-15  
-6.22596e-25   3.03478e-17    9.8633e-17  -5.67235e-16  -6.28657e-16   -2.9124e-16   4.59153e-16  -2.99203e-16  -1.42912e-16  -8.00926e-17   -3.1054e-16  -7.69432e-09            -1  
 3.90691e-10  -1.82601e-08   -1.0044e-14            -1  -2.56927e-07   1.36668e-15    -6.189e-15   6.19607e-15   2.50322e-14   1.17741e-15   1.81954e-15   2.53892e-20   5.63842e-16  
 9.04509e-17   1.24999e-16   2.35234e-15   6.19505e-15  -1.63958e-17   5.27957e-08            -1  -2.06138e-15   1.67088e-15   5.32002e-15   6.14114e-16  -2.53706e-17  -4.68208e-16  
-5.53394e-17  -4.65014e-16  -4.35663e-15  -1.84218e-15  -3.28356e-17   2.38002e-08  -2.04759e-16  -1.58254e-14   1.94233e-14   3.95521e-15            -1  -2.81059e-15   4.65011e-16  
-6.63135e-19   5.36409e-17  -6.43234e-19  -3.59164e-24  -5.97103e-17   8.02683e-17  -7.56114e-17   6.66698e-15  -4.96069e-16  -1.61756e-15  -1.34739e-15             1  -7.69432e-09  
 4.10447e-10  -1.10121e-08  -6.40744e-15   5.91094e-14   -1.3047e-07  -1.04769e-16   1.78664e-15   6.38322e-13             1   1.95645e-15   1.94192e-14   4.96142e-16   6.84922e-17  
-2.40716e-10  -6.41113e-09  -2.54589e-14   1.59137e-14  -3.84288e-08  -3.54733e-16  -1.94587e-15             1  -6.36958e-13   5.49519e-16  -1.58165e-14  -6.66691e-15   6.32212e-17  
 1.66626e-17  -1.18317e-16  -1.15982e-14   -1.1673e-15   -1.8856e-16   1.42895e-08   -4.7104e-15   5.58767e-16   1.92686e-15            -1  -3.39407e-15  -1.65564e-15   1.20902e-16  
 6.77971e-10   -1.0016e-08            -1   1.52889e-14  -1.94586e-08  -6.60455e-16  -2.35569e-15  -2.62972e-14   -8.6341e-15   1.15796e-14   4.37768e-15  -6.72887e-19  -9.64844e-17  
vecs
    -20.5581   4.44089e-16  -4.70914e-17   4.44089e-16  -1.24445e-23   8.11247e-09    1.8869e-15  -1.19646e-15   -1.4405e-17   8.93062e-09  -5.24159e-09   3.65608e-16   1.50877e-08  
 4.44089e-16      -1.36224   8.47747e-17     4.996e-16  -3.14075e-23  -2.86419e-08   3.51084e-16  -1.12831e-15   1.35529e-16  -2.82176e-08  -1.65353e-08  -3.25695e-16  -3.06318e-08  
-4.70914e-17   8.47747e-17     -0.716594   1.37918e-16  -1.13416e-16   9.24618e-16   5.38225e-08   4.23381e-08   2.01839e-16  -2.10724e-16  -4.31507e-16   3.00116e-08    -1.419e-15  
 4.44089e-16     4.996e-16   1.37918e-16     -0.562053   1.19165e-22  -1.97415e-07  -7.86142e-17  -3.17926e-17  -1.01895e-16  -2.29917e-07  -6.83639e-08  -2.63015e-16  -4.39396e-08  
-1.24445e-23  -3.14075e-23  -1.13416e-16   1.19165e-22     -0.501956   4.00563e-16  -4.47709e-16   5.44818e-16  -1.28221e-08  -7.94538e-17  -2.31198e-16   4.86259e-17   -2.1476e-16  
 8.11247e-09  -2.86419e-08   9.24618e-16  -1.97415e-07   4.00563e-16      0.206318   5.98042e-16  -1.57688e-15  -1.95233e-23  -1.11022e-15  -1.44329e-15  -1.37431e-15   1.11022e-14  
  1.8869e-15   3.51084e-16   5.38225e-08  -7.86142e-17  -4.47709e-16   5.98042e-16      0.302853  -1.77636e-15  -7.06865e-17   2.12726e-15  -1.69204e-15  -6.66134e-15  -3.27727e-15  
-1.19646e-15  -1.12831e-15   4.23381e-08  -3.17926e-17   5.44818e-16  -1.57688e-15  -1.77636e-15       1.06231  -3.31365e-16   2.67756e-15   -2.4469e-15  -1.66533e-15   2.76101e-15  
 -1.4405e-17   1.35529e-16   2.01839e-16  -1.01895e-16  -1.28221e-08  -1.95233e-23  -7.06865e-17  -3.31365e-16       1.16448  -1.77062e-17    3.4967e-16   3.39873e-16   3.41928e-19  
 8.93062e-09  -2.82176e-08  -2.10724e-16  -2.29917e-07  -7.94538e-17  -1.11022e-15   2.12726e-15   2.67756e-15  -1.77062e-17       1.20017   1.44329e-15  -3.40324e-16  -2.10942e-15  
-5.24159e-09  -1.65353e-08  -4.31507e-16  -6.83639e-08  -2.31198e-16  -1.44329e-15  -1.69204e-15   -2.4469e-15    3.4967e-16   1.44329e-15       1.21692  -9.01724e-17   1.09912e-14  
 3.65608e-16  -3.25695e-16   3.00116e-08  -2.63015e-16   4.86259e-17  -1.37431e-15  -6.66134e-15  -1.66533e-15   3.39873e-16  -3.40324e-16  -9.01724e-17       1.38366   3.62323e-15  
 1.50877e-08  -3.06318e-08    -1.419e-15  -4.39396e-08   -2.1476e-16   1.11022e-14  -3.27727e-15   2.76101e-15   3.41928e-19  -2.10942e-15   1.09912e-14   3.62323e-15       1.69605  
F
2  0  0  0  0  0  0  0  0  0  0  0  0  
0  2  0  0  0  0  0  0  0  0  0  0  0  
0  0  2  0  0  0  0  0  0  0  0  0  0  
0  0  0  2  0  0  0  0  0  0  0  0  0  
0  0  0  0  2  0  0  0  0  0  0  0  0  
0  0  0  0  0  0  0  0  0  0  0  0  0  
0  0  0  0  0  0  0  0  0  0  0  0  0  
0  0  0  0  0  0  0  0  0  0  0  0  0  
0  0  0  0  0  0  0  0  0  0  0  0  0  
0  0  0  0  0  0  0  0  0  0  0  0  0  
0  0  0  0  0  0  0  0  0  0  0  0  0  
0  0  0  0  0  0  0  0  0  0  0  0  0  
0  0  0  0  0  0  0  0  0  0  0  0  0  
P
     12.4806     -0.578816   5.33174e-16      0.199362   3.24674e-16      0.188841   -5.2784e-16   5.80033e-15  -4.48998e-15      0.061123      -0.26262   1.99798e-15      0.444727  
   -0.578816        6.4934  -6.78809e-17     -0.256245  -1.47512e-15      -1.04057   1.23926e-15   -2.2344e-14   1.18269e-14     -0.488872      0.628506  -8.40257e-15      -1.29122  
 5.33174e-16  -6.78809e-17        5.9536   2.08081e-15   2.04785e-15   -7.6241e-15      -1.37352    -0.0912834  -1.99879e-15   2.53708e-15  -1.05762e-14      -1.61871   7.79585e-15  
    0.199362     -0.256245   2.08081e-15       6.35101  -5.27478e-16     -0.660751    6.4717e-15  -2.70761e-14  -1.28467e-14      -1.65692      -1.10165   5.95423e-15       0.29929  
 3.24674e-16  -1.47512e-15   2.04785e-15  -5.27478e-16       6.60415   -3.8318e-15   3.83162e-15   9.97098e-15      -2.13327  -5.79977e-15   3.65626e-14  -5.77835e-16   1.48786e-15  
    0.188841      -1.04057   -7.6241e-15     -0.660751   -3.8318e-15       3.80345   1.48622e-15   3.57266e-14  -7.25575e-15       1.21193      -0.37989   8.39565e-15      0.960008  
 -5.2784e-16   1.23926e-15      -1.37352    6.4717e-15   3.83162e-15   1.48622e-15       3.90416      0.745283   2.33395e-15  -2.06323e-14   1.09645e-14       1.59811   -1.1715e-14  
 5.80033e-15   -2.2344e-14    -0.0912834  -2.70761e-14   9.97098e-15   3.57266e-14      0.745283       4.69984  -7.57901e-15    3.6012e-14   7.90593e-15      0.391618   1.62433e-14  
-4.48998e-15   1.18269e-14  -1.99879e-15  -1.28467e-14      -2.13327  -7.25575e-15   2.33395e-15  -7.57901e-15       6.45559   8.75418e-15  -2.61982e-14   4.02319e-15  -8.55128e-15  
    0.061123     -0.488872   2.53708e-15      -1.65692  -5.79977e-15       1.21193  -2.06323e-14    3.6012e-14   8.75418e-15       6.50164      0.502064  -1.32744e-14       0.30748  
    -0.26262      0.628506  -1.05762e-14      -1.10165   3.65626e-14      -0.37989   1.09645e-14   7.90593e-15  -2.61982e-14      0.502064        5.2056   9.84632e-15     -0.448779  
 1.99798e-15  -8.40257e-15      -1.61871   5.95423e-15  -5.77835e-16   8.39565e-15       1.59811      0.391618   4.02319e-15  -1.32744e-14   9.84632e-15       6.66225   -3.4822e-15  
    0.444727      -1.29122   7.79585e-15       0.29929   1.48786e-15      0.960008   -1.1715e-14   1.62433e-14  -8.55128e-15       0.30748     -0.448779   -3.4822e-15       5.87491  
G
[[  0.00000000e+00  -1.86946569e-32   3.19265534e-26  -1.73501515e-25
    2.35603357e-39   1.92539590e-26  -1.70671411e-31   2.88006810e-25
   -5.91248779e-27  -1.48807584e-25  -2.90066562e-25  -2.42446588e-34
    1.20017507e-32]
 [  1.11890032e-32  -2.66453526e-15   8.49102431e-25   9.12273169e-24
   -4.54080429e-37   6.37576508e-24  -4.04818837e-32   7.23373610e-24
   -1.49245912e-24  -3.65118470e-24  -7.56560057e-24  -1.75085309e-32
   -6.19192594e-25]
 [  1.11765338e-34   4.71989624e-32  -1.20106355e-15  -1.00971468e-31
    2.95702013e-31  -9.24618438e-16  -2.84159767e-15  -5.08139594e-24
    9.11684901e-33   3.01115271e-24   1.02699365e-23   6.94665898e-24
   -1.22922909e-30]
 [  1.39675621e-32  -4.07243950e-30   2.68368575e-24  -1.97415025e-07
   -1.19165061e-22  -3.03259189e-22  -3.55211661e-34   1.22175163e-24
    1.32942618e-23   7.47774510e-24  -1.43147389e-23   1.48972702e-32
   -1.02118631e-22]
 [  7.74786792e-48  -9.53150285e-40  -1.11865393e-32  -6.75945920e-38
   -3.77802078e-17  -1.16659898e-31  -2.05567252e-31  -1.63011030e-31
    1.83243147e-24   6.36366606e-33   7.17962325e-32  -3.74143055e-25
    2.14760470e-16]
 [  3.16946835e-18   5.23002909e-16  -9.28682168e-30   1.97415025e-07
   -1.02915456e-22   1.26132183e-15  -3.70128057e-30  -9.77048172e-30
   -4.88710423e-37  -1.30719118e-30  -2.62613092e-30  -3.48927090e-35
    6.25990701e-30]
 [  1.70671405e-31   4.38852747e-32   1.26608679e-22  -4.87018923e-31
    7.34053053e-33   3.15740731e-23   3.05311332e-15   3.66174728e-30
   -1.18108985e-31   1.13170687e-29  -1.03910644e-30   1.69002038e-31
    1.53444276e-30]
 [  6.62114141e-32   5.24679110e-31  -1.84451382e-22   5.85677189e-32
   -1.78894323e-32  -3.75300754e-23   3.63724734e-31   2.44687937e-15
   -6.43618975e-30   1.05903348e-29   2.44690189e-15   4.68056755e-30
    1.28389978e-30]
 [  9.55245801e-36   7.26987159e-33  -1.29829902e-34   3.65971171e-40
    7.65608688e-25  -1.56709933e-39   5.34470784e-33  -2.20920422e-30
    1.77060322e-17   2.86407859e-32  -4.71143009e-31   3.39872679e-16
   -2.63090378e-27]
 [  3.66554354e-18   3.10735780e-16   1.35020418e-30  -1.35902492e-20
    1.03663409e-23   1.16317182e-31   3.80065792e-30   1.70914625e-27
   -1.77061602e-17  -3.58987821e-16   2.80275152e-29  -1.68849154e-31
   -1.44479129e-31]
 [  1.26173293e-18   1.06010159e-16   1.09856947e-29  -1.08792221e-21
    8.88465226e-24   5.11982764e-31   3.29248961e-30  -2.44690189e-15
   -2.22724872e-28   7.93115243e-31  -2.44551765e-15   6.01171704e-31
    6.94877419e-31]
 [  6.09199166e-33   3.85352411e-32  -3.48079263e-22   3.07018305e-31
   -9.16887641e-33  -1.96383142e-23   3.13775751e-29  -9.30533751e-31
    6.54886560e-31   3.40324090e-16   3.06051771e-31  -3.62886375e-16
    4.38057350e-31]
 [  1.02290045e-17   3.06807750e-16   1.41900244e-15  -6.71787346e-22
    4.17893402e-24  -7.33252812e-30   7.72022074e-30  -7.26067065e-29
   -2.95224273e-33  -2.44262884e-29   4.81160034e-29  -2.43802517e-33
   -2.12073709e-16]] zero
Trace(F) -22.0052521484 iteration: 0 Energy: -70.7163527907
[-21.78982875  -1.98739285  -1.20500194  -0.80311764  -0.75387408
  -0.21183211   0.10613065   0.55885988   0.63142337   0.7478381
   0.83234068   0.86855528   1.00064726] vals
[-21.78982875  -1.98739285  -1.20500194  -0.80311764  -0.75387408
  -0.21183211   0.10613065   0.55885988   0.63142337   0.7478381
   0.83234068   0.86855528   1.00064726] vals
   -0.999986    0.00371411   -0.00226936   8.07758e-10  -0.00101018    3.9704e-11   0.000647932   8.31343e-11    0.00156801    0.00205929  -3.63428e-10  -1.22954e-10    9.6788e-11  
  0.00350379      0.979661    -0.0829324   8.03488e-08     0.159134   8.98483e-09       -0.0184  -2.80415e-09     0.0172082    -0.0861164    1.5142e-08  -2.18038e-09  -7.44227e-09  
   0.0013085     -0.113217     -0.964054   6.41566e-07      0.19698  -6.82295e-09  -0.000343432    2.8785e-09       -0.1359    -0.0225832   6.28894e-09    6.8706e-08   4.14692e-09  
 -0.00143085      -0.11389      0.206938   -8.1463e-08     0.941753  -1.89056e-08    0.00587534  -4.00393e-08    -0.0471022      0.234633  -3.34893e-08  -1.26601e-08   1.80986e-08  
-3.13819e-11  -1.30615e-08   1.47075e-09   5.75712e-08  2.79172e-08      0.971188   9.07431e-09      0.222653   3.75601e-11   6.99779e-09     0.0834156  -6.97902e-10     0.0161788  
 5.39419e-10    1.8242e-08  -6.46022e-07      -0.98679  5.34476e-08   5.98513e-08  -4.35317e-09  -2.10787e-09  -9.43289e-08  -6.07376e-09  -7.81603e-09     -0.162005  -1.90369e-08  
 -1.4098e-11    1.2904e-09   4.71175e-09   -2.0221e-08  2.15268e-09    -0.0744909   5.33422e-08     0.0997428   2.24461e-08  -6.05491e-09      0.427367  -3.14932e-08      0.895467  
-5.72044e-10   1.94373e-09   8.63701e-08      0.162005  -3.2661e-08   -9.0443e-09  -2.01471e-08   7.27053e-10  -3.92463e-07  -1.94219e-08  -1.15979e-08      -0.98679  -2.63448e-08  
-8.99299e-12  -1.59585e-10   3.63543e-09  -6.00348e-09   4.1086e-09     -0.115064   4.84582e-08      0.210989   -1.0012e-08   1.61191e-07      0.862767   1.96018e-09     -0.444834  
 -0.00193538     -0.102765     0.0204552   -1.1559e-08     0.170628  -5.77203e-09     -0.641616  -5.72502e-09      0.301782     -0.676136   1.43582e-07  -9.95726e-08  -4.26536e-08  
 -0.00267805    -0.0325223      0.136858  -6.22717e-08    0.0715523  -3.61155e-09      0.290119  -1.22022e-08     -0.744355     -0.580389   6.73129e-08   3.00867e-07  -3.44604e-08  
-0.000361287     0.0533216     0.0417763  -1.66176e-08    -0.121421   5.68426e-09     -0.709779   8.32981e-09     -0.577821       0.37816  -6.42795e-09    2.4191e-07   6.19299e-08  
 1.52543e-12  -1.09396e-10   1.13073e-08  -1.23951e-08  3.50222e-08      -0.19495  -1.22564e-08      0.946552  -4.35614e-09  -4.20987e-08     -0.256968   3.44302e-09   0.000989319  
vecs
    -21.7893     0.0688624  -6.15148e-10      0.027582   1.14024e-08    -0.0294166   7.27162e-11  -3.31147e-10  -1.28095e-08     -0.059323   -0.00853872  -1.87752e-10    -0.0426514  
   0.0688624      -1.91151   1.78481e-08      0.153736   1.76238e-08      0.185662   6.80522e-10  -1.47694e-09  -1.35779e-08       0.09877     -0.116677   2.44794e-09      0.258935  
-6.15148e-10   1.78481e-08     -0.746004   2.72401e-09   2.09992e-08   4.25537e-09      0.155819      0.102256  -4.89148e-09    4.8058e-09    -6.152e-09      0.151859   7.94903e-10  
    0.027582      0.153736   2.72401e-09     -0.723636   2.95473e-07     0.0846808   5.67856e-09   6.74979e-09  -7.32864e-08      0.156581     0.0844571   2.91601e-09    -0.0253112  
 1.14024e-08   1.76238e-08   2.09992e-08   2.95473e-07       -1.1568  -3.39817e-11  -4.20161e-09  -3.29142e-08       0.29358    3.1399e-09   6.92683e-09  -1.37963e-09  -1.47625e-09  
  -0.0294166      0.185662   4.25537e-09     0.0846808  -3.39817e-11     -0.198882  -1.64489e-08  -4.19845e-09   2.36744e-08     -0.135117      0.114653  -3.15494e-09     -0.204313  
 7.27162e-11   6.80522e-10      0.155819   5.67856e-09  -4.20161e-09  -1.64489e-08       0.12192    -0.0963649    1.5005e-09   4.62629e-11   6.24325e-10     -0.189711  -4.19274e-09  
-3.31147e-10  -1.47694e-09      0.102256   6.74979e-09  -3.29142e-08  -4.19845e-09    -0.0963649      0.754896   1.08969e-09    1.0201e-08  -7.75528e-09     0.0177125  -2.61467e-09  
-1.28095e-08  -1.35779e-08  -4.89148e-09  -7.32864e-08       0.29358   2.36744e-08    1.5005e-09   1.08969e-09      0.583225  -1.68379e-08  -1.63259e-08  -7.95904e-10   2.21947e-08  
   -0.059323       0.09877    4.8058e-09      0.156581    3.1399e-09     -0.135117   4.62629e-11    1.0201e-08  -1.68379e-08       0.65678     -0.147412   1.21455e-09    0.00337361  
 -0.00853872     -0.116677    -6.152e-09     0.0844571   6.92683e-09      0.114653   6.24325e-10  -7.75528e-09  -1.63259e-08     -0.147412       0.79964   -5.1466e-09      0.160049  
-1.87752e-10   2.44794e-09      0.151859   2.91601e-09  -1.37963e-09  -3.15494e-09     -0.189711     0.0177125  -7.95904e-10   1.21455e-09   -5.1466e-09      0.788595  -2.62934e-09  
  -0.0426514      0.258935   7.94903e-10    -0.0253112  -1.47625e-09     -0.204313  -4.19274e-09  -2.61467e-09   2.21947e-08    0.00337361      0.160049  -2.62934e-09      0.815795  
F
           2   3.38025e-17   1.35594e-09   7.81381e-10   3.15744e-16  -7.69093e-24   1.80902e-16   4.81431e-10  -8.20893e-10   3.33253e-17  -1.10679e-16   1.32627e-18  -3.45741e-25  
 3.38025e-17             2   -2.0032e-08  -3.65201e-08  -1.26126e-14  -6.68309e-16   2.30611e-16   1.28223e-08   2.20243e-08  -2.58788e-16  -9.15083e-16  -1.07515e-16  -1.01124e-16  
 1.35594e-09   -2.0032e-08   9.58832e-16   1.03652e-14  -3.89172e-08  -9.95639e-16  -5.45768e-23  -1.62364e-15  -5.29867e-15  -1.28783e-23  -6.45706e-24  -2.64435e-24  -1.97266e-16  
 7.81381e-10  -3.65201e-08   1.03652e-14    1.3269e-13  -5.13854e-07   1.46423e-15   7.54864e-23  -1.99807e-14   -6.7445e-14    8.9492e-24   1.59111e-22  -1.84122e-23   1.13447e-15  
 3.15744e-16  -1.26126e-14  -3.89172e-08  -5.13854e-07             2   2.14218e-15  -9.03656e-18   7.68575e-08    2.6094e-07   6.50474e-17  -4.18781e-16   1.13281e-16  -3.39083e-15  
-7.69093e-24  -6.68309e-16  -9.95639e-16   1.46423e-15   2.14218e-15             2   1.05591e-07   2.40039e-16  -9.03381e-17   2.85791e-08   4.76003e-08  -4.62931e-16  -1.15005e-15  
 1.80902e-16   2.30611e-16  -5.45768e-23   7.54864e-23  -9.03656e-18   1.05591e-07   5.57478e-15   1.38478e-23  -3.48322e-24   1.50885e-15   2.51309e-15  -3.15066e-23  -9.18307e-16  
 4.81431e-10   1.28223e-08  -1.62364e-15  -1.99807e-14   7.68575e-08   2.40039e-16   1.38478e-23   3.03586e-15   1.01686e-14   4.27863e-24  -1.62736e-23   8.26859e-24   5.98405e-16  
-8.20893e-10   2.20243e-08  -5.29867e-15   -6.7445e-14    2.6094e-07  -9.03381e-17  -3.48322e-24   1.01686e-14   3.42877e-14   4.33235e-24    -6.682e-23   1.57945e-23   2.85824e-16  
 3.33253e-17  -2.58788e-16  -1.28783e-23    8.9492e-24   6.50474e-17   2.85791e-08   1.50885e-15   4.27863e-24   4.33235e-24   4.08381e-16   6.80186e-16  -5.38256e-24   1.60185e-16  
-1.10679e-16  -9.15083e-16  -6.45706e-24   1.59111e-22  -4.18781e-16   4.76003e-08   2.51309e-15  -1.62736e-23    -6.682e-23   6.80186e-16   1.13289e-15  -6.23905e-24    6.2108e-16  
 1.32627e-18  -1.07515e-16  -2.64435e-24  -1.84122e-23   1.13281e-16  -4.62931e-16  -3.15066e-23   8.26859e-24   1.57945e-23  -5.38256e-24  -6.23905e-24   1.18405e-16   1.53886e-08  
-3.45741e-25  -1.01124e-16  -1.97266e-16   1.13447e-15  -3.39083e-15  -1.15005e-15  -9.18307e-16   5.98405e-16   2.85824e-16   1.60185e-16    6.2108e-16   1.53886e-08             2  
P
     11.2495     -0.509954  -6.15148e-10      0.226944   1.14024e-08      0.159424   7.27138e-11   -3.3114e-10  -1.28095e-08    0.00179996     -0.271159  -1.87751e-10      0.402075  
   -0.509954       5.94413   1.78481e-08     -0.102509   1.76238e-08     -0.854913   6.80523e-10  -1.47696e-09  -1.35779e-08     -0.390102      0.511829   2.44793e-09      -1.03229  
-6.15148e-10   1.78481e-08       5.92419   2.72401e-09   2.09992e-08   4.25536e-09       -1.2177     0.0109724  -4.89148e-09   4.80581e-09  -6.15201e-09      -1.46685   7.94912e-10  
    0.226944     -0.102509   2.72401e-09       6.18943   2.95473e-07      -0.57607   5.67856e-09   6.74976e-09  -7.32864e-08      -1.50034      -1.01719   2.91602e-09      0.273979  
 1.14024e-08   1.76238e-08   2.09992e-08   2.95473e-07        5.9493   -3.3986e-11   -4.2016e-09  -3.29141e-08      -1.83969   3.13989e-09   6.92687e-09  -1.37963e-09  -1.47625e-09  
    0.159424     -0.854913   4.25536e-09      -0.57607   -3.3986e-11       3.39825  -1.64489e-08  -4.19841e-09   2.36744e-08       1.07681     -0.265237  -3.15493e-09      0.755695  
 7.27138e-11   6.80523e-10       -1.2177   5.67856e-09   -4.2016e-09  -1.64489e-08       3.72323      0.648918    1.5005e-09   4.62401e-11   6.24338e-10        1.4084  -4.19275e-09  
 -3.3114e-10  -1.47696e-09     0.0109724   6.74976e-09  -3.29141e-08  -4.19841e-09      0.648918       4.39243   1.08968e-09    1.0201e-08  -7.75527e-09       0.40933  -2.61466e-09  
-1.28095e-08  -1.35779e-08  -4.89148e-09  -7.32864e-08      -1.83969   2.36744e-08    1.5005e-09   1.08968e-09       5.87434  -1.68379e-08   -1.6326e-08    -7.959e-10   2.21947e-08  
  0.00179996     -0.390102   4.80581e-09      -1.50034   3.13989e-09       1.07681   4.62401e-11    1.0201e-08  -1.68379e-08       5.95825      0.354652   1.21454e-09      0.310854  
   -0.271159      0.511829  -6.15201e-09      -1.01719   6.92687e-09     -0.265237   6.24338e-10  -7.75527e-09   -1.6326e-08      0.354652       4.78832  -5.14659e-09     -0.288731  
-1.87751e-10   2.44793e-09      -1.46685   2.91602e-09  -1.37963e-09  -3.15493e-09        1.4084       0.40933    -7.959e-10   1.21454e-09  -5.14659e-09       6.06719  -2.62935e-09  
    0.402075      -1.03229   7.94912e-10      0.273979  -1.47625e-09      0.755695  -4.19275e-09  -2.61466e-09   2.21947e-08      0.310854     -0.288731  -2.62935e-09       4.99465  
G
